1,346271E+2	3,718800E+3
1,353307E+2	3,752200E+3
1,360343E+2	3,712700E+3
1,367378E+2	3,744300E+3
1,374412E+2	3,711100E+3
1,381445E+2	3,739400E+3
1,388478E+2	3,714100E+3
1,395510E+2	3,750700E+3
1,402542E+2	3,712600E+3
1,409572E+2	3,751600E+3
1,416602E+2	3,712000E+3
1,423632E+2	3,740900E+3
1,430660E+2	3,716300E+3
1,437688E+2	3,742500E+3
1,444715E+2	3,711800E+3
1,451742E+2	3,740900E+3
1,458768E+2	3,714300E+3
1,465793E+2	3,741000E+3
1,472817E+2	3,709400E+3
1,479841E+2	3,752500E+3
1,486864E+2	3,716400E+3
1,493887E+2	3,745200E+3
1,500909E+2	3,710600E+3
1,507930E+2	3,745900E+3
1,514950E+2	3,707600E+3
1,521970E+2	3,748000E+3
1,528989E+2	3,714800E+3
1,536008E+2	3,741800E+3
1,543026E+2	3,714500E+3
1,550043E+2	3,740500E+3
1,557060E+2	3,715200E+3
1,564076E+2	3,743200E+3
1,571091E+2	3,712500E+3
1,578106E+2	3,740600E+3
1,585121E+2	3,710800E+3
1,592134E+2	3,747200E+3
1,599147E+2	3,716400E+3
1,606160E+2	3,743900E+3
1,613172E+2	3,714900E+3
1,620183E+2	3,738000E+3
1,627194E+2	3,709100E+3
1,634204E+2	3,741500E+3
1,641213E+2	3,705000E+3
1,648222E+2	3,744300E+3
1,655231E+2	3,708300E+3
1,662238E+2	3,750600E+3
1,669246E+2	3,716100E+3
1,676252E+2	3,747800E+3
1,683259E+2	3,718400E+3
1,690264E+2	3,754400E+3
1,697269E+2	3,718900E+3
1,704274E+2	3,757700E+3
1,711278E+2	3,721400E+3
1,718281E+2	3,751500E+3
1,725284E+2	3,720900E+3
1,732286E+2	3,754400E+3
1,739288E+2	3,719000E+3
1,746290E+2	3,746500E+3
1,753290E+2	3,721600E+3
1,760291E+2	3,753800E+3
1,767290E+2	3,728000E+3
1,774290E+2	3,749600E+3
1,781288E+2	3,720600E+3
1,788287E+2	3,756700E+3
1,795285E+2	3,724500E+3
1,802282E+2	3,755800E+3
1,809279E+2	3,726200E+3
1,816275E+2	3,751700E+3
1,823271E+2	3,724500E+3
1,830266E+2	3,752100E+3
1,837261E+2	3,722500E+3
1,844256E+2	3,747600E+3
1,851250E+2	3,727400E+3
1,858243E+2	3,748900E+3
1,865236E+2	3,723200E+3
1,872229E+2	3,750300E+3
1,879221E+2	3,721900E+3
1,886213E+2	3,753900E+3
1,893204E+2	3,724600E+3
1,900195E+2	3,753900E+3
1,907186E+2	3,720600E+3
1,914176E+2	3,750000E+3
1,921165E+2	3,724200E+3
1,928155E+2	3,752600E+3
1,935143E+2	3,718700E+3
1,942132E+2	3,755800E+3
1,949120E+2	3,717700E+3
1,956107E+2	3,751300E+3
1,963094E+2	3,719700E+3
1,970081E+2	3,754600E+3
1,977068E+2	3,722300E+3
1,984053E+2	3,753500E+3
1,991039E+2	3,713200E+3
1,998024E+2	3,750300E+3
2,005009E+2	3,720600E+3
2,011994E+2	3,754500E+3
2,018978E+2	3,721800E+3
2,025962E+2	3,749000E+3
2,032945E+2	3,720900E+3
2,039928E+2	3,756400E+3
2,046911E+2	3,724200E+3
2,053893E+2	3,757600E+3
2,060875E+2	3,721500E+3
2,067857E+2	3,755300E+3
2,074838E+2	3,723100E+3
2,081819E+2	3,754600E+3
2,088800E+2	3,717100E+3
2,095780E+2	3,755300E+3
2,102760E+2	3,714400E+3
2,109740E+2	3,751100E+3
2,116719E+2	3,722600E+3
2,123698E+2	3,747000E+3
2,130677E+2	3,719000E+3
2,137655E+2	3,755900E+3
2,144634E+2	3,720600E+3
2,151612E+2	3,747900E+3
2,158589E+2	3,719500E+3
2,165567E+2	3,750300E+3
2,172543E+2	3,719000E+3
2,179520E+2	3,750900E+3
2,186497E+2	3,719900E+3
2,193473E+2	3,750600E+3
2,200449E+2	3,719800E+3
2,207425E+2	3,754900E+3
2,214400E+2	3,717800E+3
2,221375E+2	3,753600E+3
2,228350E+2	3,717000E+3
2,235325E+2	3,751800E+3
2,242299E+2	3,721000E+3
2,249274E+2	3,753000E+3
2,256247E+2	3,721300E+3
2,263221E+2	3,753300E+3
2,270195E+2	3,725300E+3
2,277168E+2	3,759400E+3
2,284141E+2	3,716800E+3
2,291114E+2	3,759500E+3
2,298087E+2	3,714100E+3
2,305059E+2	3,756200E+3
2,312031E+2	3,731200E+3
2,319003E+2	3,756300E+3
2,325975E+2	3,721600E+3
2,332947E+2	3,755400E+3
2,339918E+2	3,727100E+3
2,346889E+2	3,763800E+3
2,353861E+2	3,728200E+3
2,360831E+2	3,755300E+3
2,367802E+2	3,729700E+3
2,374773E+2	3,754300E+3
2,381743E+2	3,724000E+3
2,388714E+2	3,763000E+3
2,395684E+2	3,725800E+3
2,402654E+2	3,758200E+3
2,409623E+2	3,727400E+3
2,416593E+2	3,759200E+3
2,423562E+2	3,731200E+3
2,430532E+2	3,762000E+3
2,437501E+2	3,725100E+3
2,444470E+2	3,758200E+3
2,451439E+2	3,730200E+3
2,458408E+2	3,755600E+3
2,465377E+2	3,728600E+3
2,472346E+2	3,758400E+3
2,479314E+2	3,726500E+3
2,486283E+2	3,757500E+3
2,493251E+2	3,725900E+3
2,500219E+2	3,761500E+3
2,507187E+2	3,730500E+3
2,514155E+2	3,757300E+3
2,521123E+2	3,721300E+3
2,528091E+2	3,757000E+3
2,535059E+2	3,724300E+3
2,542027E+2	3,755300E+3
2,548994E+2	3,724400E+3
2,555962E+2	3,760700E+3
2,562929E+2	3,717500E+3
2,569897E+2	3,754100E+3
2,576864E+2	3,725800E+3
2,583831E+2	3,753100E+3
2,590799E+2	3,720800E+3
2,597766E+2	3,756800E+3
2,604733E+2	3,724900E+3
2,611700E+2	3,752100E+3
2,618668E+2	3,727100E+3
2,625635E+2	3,754500E+3
2,632602E+2	3,729900E+3
2,639569E+2	3,757500E+3
2,646536E+2	3,726500E+3
2,653503E+2	3,766000E+3
2,660470E+2	3,726300E+3
2,667437E+2	3,754300E+3
2,674404E+2	3,725700E+3
2,681371E+2	3,753500E+3
2,688339E+2	3,725700E+3
2,695305E+2	3,752400E+3
2,702273E+2	3,724400E+3
2,709240E+2	3,752800E+3
2,716207E+2	3,725400E+3
2,723174E+2	3,752500E+3
2,730141E+2	3,727900E+3
2,737108E+2	3,761600E+3
2,744076E+2	3,723900E+3
2,751043E+2	3,751300E+3
2,758011E+2	3,725500E+3
2,764978E+2	3,755400E+3
2,771945E+2	3,723900E+3
2,778913E+2	3,753700E+3
2,785880E+2	3,724800E+3
2,792848E+2	3,751700E+3
2,799816E+2	3,723000E+3
2,806784E+2	3,753700E+3
2,813752E+2	3,721300E+3
2,820719E+2	3,751800E+3
2,827687E+2	3,721100E+3
2,834656E+2	3,759000E+3
2,841624E+2	3,724800E+3
2,848592E+2	3,750400E+3
2,855561E+2	3,728400E+3
2,862529E+2	3,756000E+3
2,869498E+2	3,724900E+3
2,876466E+2	3,759100E+3
2,883435E+2	3,725100E+3
2,890404E+2	3,755500E+3
2,897373E+2	3,719800E+3
2,904343E+2	3,758000E+3
2,911312E+2	3,719900E+3
2,918282E+2	3,761000E+3
2,925251E+2	3,722600E+3
2,932221E+2	3,761700E+3
2,939191E+2	3,723100E+3
2,946161E+2	3,757900E+3
2,953131E+2	3,726800E+3
2,960102E+2	3,758100E+3
2,967072E+2	3,723000E+3
2,974043E+2	3,751600E+3
2,981014E+2	3,725400E+3
2,987985E+2	3,755800E+3
2,994956E+2	3,723100E+3
3,001928E+2	3,757000E+3
3,008900E+2	3,725400E+3
3,015871E+2	3,754700E+3
3,022843E+2	3,719600E+3
3,029816E+2	3,757400E+3
3,036788E+2	3,726200E+3
3,043761E+2	3,755400E+3
3,050734E+2	3,722400E+3
3,057707E+2	3,755500E+3
3,064680E+2	3,715400E+3
3,071653E+2	3,753700E+3
3,078627E+2	3,720800E+3
3,085601E+2	3,759000E+3
3,092575E+2	3,719600E+3
3,099550E+2	3,754700E+3
3,106524E+2	3,722400E+3
3,113499E+2	3,747500E+3
3,120475E+2	3,720600E+3
3,127450E+2	3,746800E+3
3,134426E+2	3,722700E+3
3,141402E+2	3,758600E+3
3,148378E+2	3,719100E+3
3,155354E+2	3,749900E+3
3,162331E+2	3,725200E+3
3,169308E+2	3,754700E+3
3,176285E+2	3,716700E+3
3,183263E+2	3,762200E+3
3,190241E+2	3,718100E+3
3,197219E+2	3,756200E+3
3,204198E+2	3,717200E+3
3,211176E+2	3,760300E+3
3,218156E+2	3,721800E+3
3,225135E+2	3,744800E+3
3,232115E+2	3,714200E+3
3,239095E+2	3,755400E+3
3,246075E+2	3,718000E+3
3,253056E+2	3,754900E+3
3,260037E+2	3,715500E+3
3,267018E+2	3,750500E+3
3,274000E+2	3,717900E+3
3,280982E+2	3,747900E+3
3,287964E+2	3,716200E+3
3,294947E+2	3,750100E+3
3,301930E+2	3,715000E+3
3,308913E+2	3,751600E+3
3,315897E+2	3,715500E+3
3,322881E+2	3,749300E+3
3,329865E+2	3,712600E+3
3,336850E+2	3,749400E+3
3,343835E+2	3,716800E+3
3,350821E+2	3,749100E+3
3,357807E+2	3,715900E+3
3,364794E+2	3,750300E+3
3,371780E+2	3,718900E+3
3,378767E+2	3,753500E+3
3,385755E+2	3,717000E+3
3,392743E+2	3,756300E+3
3,399731E+2	3,718800E+3
3,406720E+2	3,753400E+3
3,413709E+2	3,715600E+3
3,420699E+2	3,753100E+3
3,427689E+2	3,720600E+3
3,434680E+2	3,749000E+3
3,441671E+2	3,718800E+3
3,448662E+2	3,750800E+3
3,455653E+2	3,721700E+3
3,462646E+2	3,749600E+3
3,469638E+2	3,711700E+3
3,476631E+2	3,759500E+3
3,483625E+2	3,721800E+3
3,490619E+2	3,755000E+3
3,497614E+2	3,720000E+3
3,504608E+2	3,753900E+3
3,511604E+2	3,718400E+3
3,518600E+2	3,749900E+3
3,525596E+2	3,713400E+3
3,532593E+2	3,750400E+3
3,539590E+2	3,718300E+3
3,546588E+2	3,743900E+3
3,553586E+2	3,722600E+3
3,560585E+2	3,746900E+3
3,567585E+2	3,724300E+3
3,574584E+2	3,744600E+3
3,581584E+2	3,718600E+3
3,588585E+2	3,750300E+3
3,595587E+2	3,714400E+3
3,602589E+2	3,753400E+3
3,609591E+2	3,718500E+3
3,616594E+2	3,755600E+3
3,623597E+2	3,721400E+3
3,630601E+2	3,754700E+3
3,637606E+2	3,717500E+3
3,644611E+2	3,752100E+3
3,651616E+2	3,720600E+3
3,658622E+2	3,748100E+3
3,665629E+2	3,714800E+3
3,672636E+2	3,751900E+3
3,679644E+2	3,711400E+3
3,686653E+2	3,748600E+3
3,693661E+2	3,716900E+3
3,700671E+2	3,749400E+3
3,707681E+2	3,718500E+3
3,714692E+2	3,753000E+3
3,721703E+2	3,719500E+3
3,728715E+2	3,748100E+3
3,735728E+2	3,721300E+3
3,742740E+2	3,751300E+3
3,749754E+2	3,717800E+3
3,756768E+2	3,757900E+3
3,763783E+2	3,723200E+3
3,770799E+2	3,751400E+3
3,777815E+2	3,722300E+3
3,784832E+2	3,753200E+3
3,791849E+2	3,725500E+3
3,798867E+2	3,761500E+3
3,805886E+2	3,728900E+3
3,812905E+2	3,765400E+3
3,819925E+2	3,728600E+3
3,826945E+2	3,769300E+3
3,833966E+2	3,737500E+3
3,840988E+2	3,771300E+3
3,848011E+2	3,750400E+3
3,855034E+2	3,791300E+3
3,862058E+2	3,759800E+3
3,869082E+2	3,800600E+3
3,876107E+2	3,771700E+3
3,883133E+2	3,821500E+3
3,890160E+2	3,803300E+3
3,897187E+2	3,848200E+3
3,904215E+2	3,820300E+3
3,911243E+2	3,883900E+3
3,918273E+2	3,870700E+3
3,925302E+2	3,920300E+3
3,932333E+2	3,911700E+3
3,939365E+2	3,967100E+3
3,946397E+2	3,959000E+3
3,953430E+2	4,026900E+3
3,960463E+2	4,026900E+3
3,967497E+2	4,094400E+3
3,974532E+2	4,101200E+3
3,981568E+2	4,169900E+3
3,988604E+2	4,178400E+3
3,995641E+2	4,251700E+3
4,002679E+2	4,261700E+3
4,009718E+2	4,345500E+3
4,016758E+2	4,349700E+3
4,023798E+2	4,432700E+3
4,030839E+2	4,443500E+3
4,037880E+2	4,520200E+3
4,044922E+2	4,525500E+3
4,051966E+2	4,602700E+3
4,059010E+2	4,617200E+3
4,066055E+2	4,684800E+3
4,073100E+2	4,702400E+3
4,080146E+2	4,766700E+3
4,087194E+2	4,772300E+3
4,094241E+2	4,834100E+3
4,101290E+2	4,833000E+3
4,108340E+2	4,898100E+3
4,115390E+2	4,890400E+3
4,122441E+2	4,951600E+3
4,129493E+2	4,939800E+3
4,136546E+2	4,996300E+3
4,143599E+2	4,988600E+3
4,150654E+2	5,038300E+3
4,157709E+2	5,030900E+3
4,164765E+2	5,075500E+3
4,171822E+2	5,069200E+3
4,178880E+2	5,105500E+3
4,185938E+2	5,091200E+3
4,192997E+2	5,136000E+3
4,200058E+2	5,114400E+3
4,207119E+2	5,158200E+3
4,214181E+2	5,141400E+3
4,221244E+2	5,182100E+3
4,228307E+2	5,161200E+3
4,235372E+2	5,206600E+3
4,242437E+2	5,179100E+3
4,249504E+2	5,218000E+3
4,256571E+2	5,195500E+3
4,263639E+2	5,235900E+3
4,270708E+2	5,206700E+3
4,277778E+2	5,247400E+3
4,284849E+2	5,209800E+3
4,291920E+2	5,192600E+3
4,298993E+2	5,059500E+3
4,306067E+2	4,956300E+3
4,313141E+2	4,779400E+3
4,320216E+2	4,749000E+3
4,327292E+2	4,783300E+3
4,334370E+2	4,947800E+3
4,341448E+2	5,082800E+3
4,348527E+2	5,310100E+3
4,355607E+2	5,398100E+3
4,362688E+2	5,419400E+3
4,369770E+2	5,358900E+3
4,376852E+2	5,360800E+3
4,383936E+2	5,318600E+3
4,391021E+2	5,343800E+3
4,398107E+2	5,300800E+3
4,405193E+2	5,338300E+3
4,412281E+2	5,305200E+3
4,419370E+2	5,346600E+3
4,426459E+2	5,320300E+3
4,433549E+2	5,355200E+3
4,440641E+2	5,350400E+3
4,447734E+2	5,397200E+3
4,454827E+2	5,390300E+3
4,461922E+2	5,436800E+3
4,469017E+2	5,427100E+3
4,476114E+2	5,484000E+3
4,483211E+2	5,463200E+3
4,490310E+2	5,513100E+3
4,497409E+2	5,494900E+3
4,504510E+2	5,549800E+3
4,511611E+2	5,549500E+3
4,518714E+2	5,617300E+3
4,525818E+2	5,629600E+3
4,532922E+2	5,709600E+3
4,540028E+2	5,718500E+3
4,547135E+2	5,794700E+3
4,554243E+2	5,806600E+3
4,561352E+2	5,879000E+3
4,568461E+2	5,896100E+3
4,575572E+2	5,985700E+3
4,582684E+2	6,003200E+3
4,589797E+2	6,096000E+3
4,596912E+2	6,126000E+3
4,604027E+2	6,211000E+3
4,611143E+2	6,224300E+3
4,618260E+2	6,305400E+3
4,625379E+2	6,328400E+3
4,632499E+2	6,429400E+3
4,639619E+2	6,459300E+3
4,646741E+2	6,570700E+3
4,653864E+2	6,603500E+3
4,660988E+2	6,705800E+3
4,668113E+2	6,743200E+3
4,675239E+2	6,832900E+3
4,682366E+2	6,870500E+3
4,689495E+2	6,997100E+3
4,696624E+2	7,042300E+3
4,703755E+2	7,163000E+3
4,710887E+2	7,223800E+3
4,718020E+2	7,342600E+3
4,725154E+2	7,397100E+3
4,732289E+2	7,515900E+3
4,739426E+2	7,581500E+3
4,746563E+2	7,718200E+3
4,753702E+2	7,798300E+3
4,760842E+2	7,939400E+3
4,767983E+2	8,036800E+3
4,775125E+2	8,206200E+3
4,782268E+2	8,305900E+3
4,789413E+2	8,474900E+3
4,796559E+2	8,570800E+3
4,803705E+2	8,748500E+3
4,810853E+2	8,871000E+3
4,818003E+2	9,057100E+3
4,825153E+2	9,188900E+3
4,832305E+2	9,390100E+3
4,839458E+2	9,525400E+3
4,846612E+2	9,749800E+3
4,853767E+2	9,906500E+3
4,860923E+2	1,015220E+4
4,868081E+2	1,032530E+4
4,875240E+2	1,056310E+4
4,882400E+2	1,072230E+4
4,889562E+2	1,096900E+4
4,896724E+2	1,119330E+4
4,903888E+2	1,151580E+4
4,911053E+2	1,179300E+4
4,918220E+2	1,216860E+4
4,925387E+2	1,244550E+4
4,932556E+2	1,278090E+4
4,939726E+2	1,305170E+4
4,946898E+2	1,337250E+4
4,954070E+2	1,362380E+4
4,961244E+2	1,394460E+4
4,968419E+2	1,420110E+4
4,975596E+2	1,453220E+4
4,982773E+2	1,479680E+4
4,989952E+2	1,514080E+4
4,997133E+2	1,541800E+4
5,004315E+2	1,580520E+4
5,011497E+2	1,614280E+4
5,018682E+2	1,656520E+4
5,025867E+2	1,690990E+4
5,033054E+2	1,730410E+4
5,040242E+2	1,762220E+4
5,047431E+2	1,801130E+4
5,054622E+2	1,830470E+4
5,061814E+2	1,871030E+4
5,069008E+2	1,906100E+4
5,076202E+2	1,948320E+4
5,083398E+2	1,987910E+4
5,090596E+2	2,035070E+4
5,097794E+2	2,075600E+4
5,104995E+2	2,123440E+4
5,112196E+2	2,159780E+4
5,119399E+2	2,204230E+4
5,126603E+2	2,241160E+4
5,133809E+2	2,290790E+4
5,141016E+2	2,322720E+4
5,148224E+2	2,365040E+4
5,155433E+2	2,403090E+4
5,162645E+2	2,446890E+4
5,169857E+2	2,483670E+4
5,177071E+2	2,526640E+4
5,184286E+2	2,564940E+4
5,191503E+2	2,606940E+4
5,198721E+2	2,639510E+4
5,205940E+2	2,682130E+4
5,213160E+2	2,715160E+4
5,220383E+2	2,754540E+4
5,227606E+2	2,788020E+4
5,234832E+2	2,829030E+4
5,242058E+2	2,858870E+4
5,249286E+2	2,896510E+4
5,256515E+2	2,924220E+4
5,263746E+2	2,959950E+4
5,270978E+2	2,988170E+4
5,278212E+2	3,026000E+4
5,285447E+2	3,056190E+4
5,292683E+2	3,091260E+4
5,299921E+2	3,117430E+4
5,307161E+2	3,143020E+4
5,314401E+2	3,162300E+4
5,321644E+2	3,187050E+4
5,328887E+2	3,202470E+4
5,336133E+2	3,223050E+4
5,343380E+2	3,232090E+4
5,350627E+2	3,245540E+4
5,357877E+2	3,256340E+4
5,365129E+2	3,269400E+4
5,372382E+2	3,275910E+4
5,379636E+2	3,297330E+4
5,386891E+2	3,308760E+4
5,394149E+2	3,329130E+4
5,401407E+2	3,335170E+4
5,408668E+2	3,344610E+4
5,415929E+2	3,345210E+4
5,423192E+2	3,353000E+4
5,430457E+2	3,342590E+4
5,437723E+2	3,343120E+4
5,444991E+2	3,330530E+4
5,452261E+2	3,324150E+4
5,459531E+2	3,308700E+4
5,466804E+2	3,299510E+4
5,474078E+2	3,282360E+4
5,481353E+2	3,272480E+4
5,488630E+2	3,255160E+4
5,495909E+2	3,250100E+4
5,503189E+2	3,232250E+4
5,510471E+2	3,220600E+4
5,517755E+2	3,203520E+4
5,525040E+2	3,187120E+4
5,532326E+2	3,163070E+4
5,539614E+2	3,137580E+4
5,546904E+2	3,099440E+4
5,554195E+2	3,069130E+4
5,561487E+2	3,030870E+4
5,568782E+2	3,005050E+4
5,576078E+2	2,976860E+4
5,583376E+2	2,960550E+4
5,590675E+2	2,931380E+4
5,597976E+2	2,905640E+4
5,605278E+2	2,871100E+4
5,612582E+2	2,838930E+4
5,619888E+2	2,800190E+4
5,627195E+2	2,769770E+4
5,634504E+2	2,730480E+4
5,641815E+2	2,696220E+4
5,649128E+2	2,656630E+4
5,656442E+2	2,621460E+4
5,663757E+2	2,581600E+4
5,671074E+2	2,553850E+4
5,678393E+2	2,510910E+4
5,685714E+2	2,483350E+4
5,693036E+2	2,449530E+4
5,700359E+2	2,422030E+4
5,707685E+2	2,385800E+4
5,715012E+2	2,352540E+4
5,722341E+2	2,291510E+4
5,729672E+2	2,234740E+4
5,737004E+2	2,175940E+4
5,744338E+2	2,134830E+4
5,751674E+2	2,097570E+4
5,759011E+2	2,084200E+4
5,766350E+2	2,075290E+4
5,773691E+2	2,059230E+4
5,781033E+2	2,019910E+4
5,788377E+2	1,982850E+4
5,795723E+2	1,936000E+4
5,803071E+2	1,896450E+4
5,810420E+2	1,849580E+4
5,817771E+2	1,807320E+4
5,825124E+2	1,761040E+4
5,832479E+2	1,720430E+4
5,839835E+2	1,673950E+4
5,847193E+2	1,635920E+4
5,854553E+2	1,594330E+4
5,861914E+2	1,559450E+4
5,869277E+2	1,514800E+4
5,876642E+2	1,482480E+4
5,884009E+2	1,440380E+4
5,891378E+2	1,406110E+4
5,898748E+2	1,367050E+4
5,906121E+2	1,334710E+4
5,913494E+2	1,296960E+4
5,920870E+2	1,268340E+4
5,928248E+2	1,232810E+4
5,935627E+2	1,205120E+4
5,943008E+2	1,170640E+4
5,950391E+2	1,144120E+4
5,957775E+2	1,109620E+4
5,965162E+2	1,086570E+4
5,972550E+2	1,053820E+4
5,979940E+2	1,032690E+4
5,987332E+2	1,004130E+4
5,994726E+2	9,831800E+3
6,002122E+2	9,567000E+3
6,009519E+2	9,377200E+3
6,016918E+2	9,103100E+3
6,024319E+2	8,922200E+3
6,031722E+2	8,678900E+3
6,039127E+2	8,517300E+3
6,046533E+2	8,290400E+3
6,053942E+2	8,150100E+3
6,061353E+2	7,940900E+3
6,068765E+2	7,806000E+3
6,076179E+2	7,615700E+3
6,083594E+2	7,507900E+3
6,091013E+2	7,323000E+3
6,098432E+2	7,218900E+3
6,105853E+2	7,049800E+3
6,113277E+2	6,952000E+3
6,120703E+2	6,801800E+3
6,128129E+2	6,706000E+3
6,135558E+2	6,556200E+3
6,142990E+2	6,482600E+3
6,150423E+2	6,339300E+3
6,157858E+2	6,270200E+3
6,165294E+2	6,139600E+3
6,172733E+2	6,082100E+3
6,180173E+2	5,952200E+3
6,187616E+2	5,901600E+3
6,195060E+2	5,779200E+3
6,202507E+2	5,732300E+3
6,209955E+2	5,621500E+3
6,217405E+2	5,587200E+3
6,224858E+2	5,480200E+3
6,232312E+2	5,453600E+3
6,239768E+2	5,359900E+3
6,247226E+2	5,330300E+3
6,254686E+2	5,237400E+3
6,262148E+2	5,221000E+3
6,269612E+2	5,137100E+3
6,277078E+2	5,122200E+3
6,284546E+2	5,040300E+3
6,292016E+2	5,027700E+3
6,299488E+2	4,960100E+3
6,306962E+2	4,959100E+3
6,314437E+2	4,883400E+3
6,321915E+2	4,878500E+3
6,329395E+2	4,812700E+3
6,336877E+2	4,822800E+3
6,344361E+2	4,757000E+3
6,351847E+2	4,767500E+3
6,359335E+2	4,704900E+3
6,366824E+2	4,712500E+3
6,374316E+2	4,653400E+3
6,381810E+2	4,672200E+3
6,389306E+2	4,611800E+3
6,396804E+2	4,636100E+3
6,404304E+2	4,579300E+3
6,411807E+2	4,597900E+3
6,419310E+2	4,552300E+3
6,426817E+2	4,569900E+3
6,434325E+2	4,508900E+3
6,441835E+2	4,530900E+3
6,449348E+2	4,479200E+3
6,456862E+2	4,488800E+3
6,464379E+2	4,439500E+3
6,471897E+2	4,453900E+3
6,479418E+2	4,397600E+3
6,486940E+2	4,419300E+3
6,494465E+2	4,369200E+3
6,501992E+2	4,387200E+3
6,509521E+2	4,331900E+3
6,517053E+2	4,358800E+3
6,524586E+2	4,307600E+3
6,532121E+2	4,323300E+3
6,539658E+2	4,274000E+3
6,547198E+2	4,302500E+3
6,554739E+2	4,254100E+3
6,562283E+2	4,281100E+3
6,569829E+2	4,235900E+3
6,577377E+2	4,262000E+3
6,584927E+2	4,221400E+3
6,592479E+2	4,247000E+3
6,600034E+2	4,206400E+3
6,607590E+2	4,228700E+3
6,615149E+2	4,191800E+3
6,622710E+2	4,224000E+3
6,630273E+2	4,178700E+3
6,637838E+2	4,213600E+3
6,645405E+2	4,169600E+3
6,652975E+2	4,201300E+3
6,660547E+2	4,153500E+3
6,668121E+2	4,189400E+3
6,675696E+2	4,150200E+3
6,683275E+2	4,188300E+3
6,690855E+2	4,148400E+3
6,698438E+2	4,186800E+3
6,706022E+2	4,147000E+3
6,713610E+2	4,183600E+3
6,721199E+2	4,143700E+3
6,728790E+2	4,184100E+3
6,736384E+2	4,159200E+3
6,743979E+2	4,195300E+3
6,751578E+2	4,160400E+3
6,759178E+2	4,191700E+3
6,766780E+2	4,156400E+3
6,774385E+2	4,189500E+3
6,781992E+2	4,142200E+3
6,789601E+2	4,180500E+3
6,797213E+2	4,135300E+3
6,804826E+2	4,164100E+3
6,812442E+2	4,120000E+3
6,820060E+2	4,146500E+3
6,827681E+2	4,104100E+3
6,835303E+2	4,127300E+3
6,842928E+2	4,083600E+3
6,850555E+2	4,117800E+3
6,858185E+2	4,075900E+3
6,865817E+2	4,105900E+3
6,873451E+2	4,066100E+3
6,881087E+2	4,107400E+3
6,888726E+2	4,064100E+3
6,896367E+2	4,107600E+3
6,904010E+2	4,075100E+3
6,911655E+2	4,106800E+3
6,919303E+2	4,080000E+3
6,926953E+2	4,110400E+3
6,934606E+2	4,079100E+3
6,942261E+2	4,129100E+3
6,949918E+2	4,084200E+3
6,957577E+2	4,127200E+3
6,965239E+2	4,100600E+3
6,972903E+2	4,142300E+3
6,980569E+2	4,113300E+3
6,988238E+2	4,151600E+3
6,995909E+2	4,115100E+3
7,003582E+2	4,159400E+3
7,011258E+2	4,126600E+3
7,018936E+2	4,166900E+3
7,026617E+2	4,125100E+3
7,034299E+2	4,167800E+3
7,041985E+2	4,132300E+3
7,049672E+2	4,167400E+3
7,057362E+2	4,138000E+3
7,065054E+2	4,172700E+3
7,072749E+2	4,135600E+3
7,080446E+2	4,179400E+3
7,088146E+2	4,142100E+3
7,095848E+2	4,182600E+3
7,103552E+2	4,152600E+3
7,111259E+2	4,182500E+3
7,118968E+2	4,150100E+3
7,126679E+2	4,187800E+3
7,134393E+2	4,153600E+3
7,142109E+2	4,189200E+3
7,149828E+2	4,149900E+3
7,157549E+2	4,189900E+3
7,165273E+2	4,156800E+3
7,172999E+2	4,188600E+3
7,180728E+2	4,159300E+3
7,188458E+2	4,189100E+3
7,196191E+2	4,162400E+3
7,203928E+2	4,186600E+3
7,211666E+2	4,159900E+3
7,219407E+2	4,190000E+3
7,227150E+2	4,160000E+3
7,234895E+2	4,192500E+3
7,242643E+2	4,160900E+3
7,250394E+2	4,197000E+3
7,258147E+2	4,157100E+3
7,265903E+2	4,199500E+3
7,273660E+2	4,163300E+3
7,281421E+2	4,193000E+3
7,289184E+2	4,158900E+3
7,296949E+2	4,193400E+3
7,304717E+2	4,153100E+3
7,312488E+2	4,197000E+3
7,320261E+2	4,155500E+3
7,328036E+2	4,194100E+3
7,335814E+2	4,156700E+3
7,343595E+2	4,197700E+3
7,351378E+2	4,163700E+3
7,359163E+2	4,194600E+3
7,366952E+2	4,162400E+3
7,374742E+2	4,193400E+3
7,382535E+2	4,156700E+3
7,390331E+2	4,198800E+3
7,398129E+2	4,158000E+3
7,405930E+2	4,192600E+3
7,413734E+2	4,158800E+3
7,421539E+2	4,199800E+3
7,429348E+2	4,161100E+3
7,437159E+2	4,204300E+3
7,444973E+2	4,161400E+3
7,452789E+2	4,197500E+3
7,460608E+2	4,167500E+3
7,468429E+2	4,203300E+3
7,476253E+2	4,167800E+3
7,484080E+2	4,205100E+3
7,491909E+2	4,163900E+3
7,499741E+2	4,209500E+3
7,507574E+2	4,167300E+3
7,515411E+2	4,209000E+3
7,523251E+2	4,172900E+3
7,531093E+2	4,214900E+3
7,538938E+2	4,181500E+3
7,546785E+2	4,221000E+3
7,554636E+2	4,176200E+3
7,562488E+2	4,219000E+3
7,570343E+2	4,186900E+3
7,578201E+2	4,228100E+3
7,586062E+2	4,185500E+3
7,593925E+2	4,223300E+3
7,601791E+2	4,187700E+3
7,609659E+2	4,228500E+3
7,617531E+2	4,191000E+3
7,625404E+2	4,222200E+3
7,633281E+2	4,190900E+3
7,641160E+2	4,224400E+3
7,649042E+2	4,189100E+3
7,656926E+2	4,229000E+3
7,664813E+2	4,193400E+3
7,672703E+2	4,224400E+3
7,680596E+2	4,193400E+3
7,688491E+2	4,237600E+3
7,696389E+2	4,199100E+3
7,704289E+2	4,228300E+3
7,712192E+2	4,199000E+3
7,720098E+2	4,231900E+3
7,728007E+2	4,194200E+3
7,735919E+2	4,230500E+3
7,743833E+2	4,188600E+3
7,751750E+2	4,228100E+3
7,759669E+2	4,192200E+3
7,767592E+2	4,223300E+3
7,775517E+2	4,183100E+3
7,783444E+2	4,238900E+3
7,791375E+2	4,198100E+3
7,799308E+2	4,236200E+3
7,807244E+2	4,200200E+3
7,815183E+2	4,235000E+3
7,823124E+2	4,200000E+3
7,831069E+2	4,232200E+3
7,839016E+2	4,204200E+3
7,846966E+2	4,231500E+3
7,854918E+2	4,210700E+3
7,862874E+2	4,245500E+3
7,870832E+2	4,210800E+3
7,878793E+2	4,248400E+3
7,886757E+2	4,213500E+3
7,894724E+2	4,247400E+3
7,902692E+2	4,220300E+3
7,910665E+2	4,266300E+3
7,918640E+2	4,221100E+3
7,926617E+2	4,265200E+3
7,934598E+2	4,227700E+3
7,942581E+2	4,264100E+3
7,950568E+2	4,225600E+3
7,958557E+2	4,269800E+3
7,966548E+2	4,233700E+3
7,974543E+2	4,268700E+3
7,982540E+2	4,240400E+3
7,990541E+2	4,275800E+3
7,998544E+2	4,242000E+3
8,006550E+2	4,282300E+3
8,014559E+2	4,253800E+3
8,022570E+2	4,292200E+3
8,030585E+2	4,255400E+3
8,038602E+2	4,285000E+3
8,046623E+2	4,243500E+3
8,054646E+2	4,278700E+3
8,062672E+2	4,248600E+3
8,070701E+2	4,285900E+3
8,078733E+2	4,263400E+3
8,086768E+2	4,301400E+3
8,094805E+2	4,269500E+3
8,102845E+2	4,321000E+3
8,110889E+2	4,288500E+3
8,118936E+2	4,324900E+3
8,126984E+2	4,298300E+3
8,135037E+2	4,323800E+3
8,143091E+2	4,294600E+3
8,151149E+2	4,329300E+3
8,159210E+2	4,290800E+3
8,167274E+2	4,330800E+3
8,175341E+2	4,298200E+3
8,183411E+2	4,334500E+3
8,191483E+2	4,297000E+3
8,199559E+2	4,333300E+3
8,207637E+2	4,295800E+3
8,215718E+2	4,336900E+3
8,223802E+2	4,301800E+3
8,231890E+2	4,329900E+3
8,239980E+2	4,303300E+3
8,248074E+2	4,334800E+3
8,256169E+2	4,298500E+3
8,264269E+2	4,341400E+3
8,272371E+2	4,298800E+3
8,280476E+2	4,340000E+3
8,288584E+2	4,302000E+3
8,296696E+2	4,339100E+3
8,304810E+2	4,299500E+3
8,312927E+2	4,335100E+3
8,321047E+2	4,308800E+3
8,329170E+2	4,332900E+3
8,337296E+2	4,299000E+3
8,345425E+2	4,340100E+3
8,353557E+2	4,301200E+3
8,361692E+2	4,336900E+3
8,369830E+2	4,297900E+3
8,377971E+2	4,339800E+3
8,386116E+2	4,302700E+3
8,394263E+2	4,337200E+3
8,402413E+2	4,302200E+3
8,410566E+2	4,338300E+3
8,418723E+2	4,304900E+3
8,426882E+2	4,342500E+3
8,435045E+2	4,302000E+3
8,443210E+2	4,336800E+3
8,451379E+2	4,301900E+3
8,459551E+2	4,348300E+3
8,467725E+2	4,313300E+3
8,475903E+2	4,340500E+3
8,484084E+2	4,311400E+3
8,492268E+2	4,346700E+3
8,500455E+2	4,314600E+3
8,508645E+2	4,338800E+3
8,516838E+2	4,301300E+3
8,525035E+2	4,339400E+3
8,533234E+2	4,291900E+3
8,541437E+2	4,330700E+3
8,549642E+2	4,290800E+3
8,557851E+2	4,338000E+3
8,566063E+2	4,307000E+3
8,574278E+2	4,341500E+3
8,582496E+2	4,311000E+3
8,590717E+2	4,352800E+3
8,598942E+2	4,315900E+3
8,607169E+2	4,355600E+3
8,615400E+2	4,310200E+3
8,623633E+2	4,346700E+3
8,631870E+2	4,317700E+3
8,640110E+2	4,350200E+3
8,648353E+2	4,316700E+3
8,656600E+2	4,346200E+3
8,664849E+2	4,307300E+3
8,673102E+2	4,343800E+3
8,681358E+2	4,302800E+3
8,689617E+2	4,331200E+3
8,697880E+2	4,294900E+3
8,706145E+2	4,313000E+3
8,714413E+2	4,272600E+3
8,722686E+2	4,297700E+3
8,730960E+2	4,262200E+3
8,739238E+2	4,301900E+3
8,747520E+2	4,271900E+3
8,755804E+2	4,308100E+3
8,764092E+2	4,279400E+3
8,772383E+2	4,317700E+3
8,780677E+2	4,285500E+3
8,788975E+2	4,325100E+3
8,797275E+2	4,294200E+3
8,805580E+2	4,323800E+3
8,813887E+2	4,294400E+3
8,822197E+2	4,320600E+3
8,830511E+2	4,283900E+3
8,838828E+2	4,314600E+3
8,847148E+2	4,267600E+3
8,855471E+2	4,246600E+3
