1,346271E+2	3,720500E+3
1,353307E+2	3,745600E+3
1,360343E+2	3,715000E+3
1,367378E+2	3,749100E+3
1,374412E+2	3,713400E+3
1,381445E+2	3,744600E+3
1,388478E+2	3,715300E+3
1,395510E+2	3,750200E+3
1,402542E+2	3,715200E+3
1,409572E+2	3,748100E+3
1,416602E+2	3,718200E+3
1,423632E+2	3,746900E+3
1,430660E+2	3,714300E+3
1,437688E+2	3,748100E+3
1,444715E+2	3,709400E+3
1,451742E+2	3,748400E+3
1,458768E+2	3,713600E+3
1,465793E+2	3,744400E+3
1,472817E+2	3,717200E+3
1,479841E+2	3,750300E+3
1,486864E+2	3,714700E+3
1,493887E+2	3,746100E+3
1,500909E+2	3,712000E+3
1,507930E+2	3,744800E+3
1,514950E+2	3,708400E+3
1,521970E+2	3,753400E+3
1,528989E+2	3,714000E+3
1,536008E+2	3,744300E+3
1,543026E+2	3,712000E+3
1,550043E+2	3,746900E+3
1,557060E+2	3,717500E+3
1,564076E+2	3,747900E+3
1,571091E+2	3,714800E+3
1,578106E+2	3,748300E+3
1,585121E+2	3,720400E+3
1,592134E+2	3,746800E+3
1,599147E+2	3,712400E+3
1,606160E+2	3,744900E+3
1,613172E+2	3,711700E+3
1,620183E+2	3,744100E+3
1,627194E+2	3,712300E+3
1,634204E+2	3,743000E+3
1,641213E+2	3,704300E+3
1,648222E+2	3,745000E+3
1,655231E+2	3,713100E+3
1,662238E+2	3,746100E+3
1,669246E+2	3,713800E+3
1,676252E+2	3,750900E+3
1,683259E+2	3,716600E+3
1,690264E+2	3,751600E+3
1,697269E+2	3,719000E+3
1,704274E+2	3,744500E+3
1,711278E+2	3,714000E+3
1,718281E+2	3,751200E+3
1,725284E+2	3,711300E+3
1,732286E+2	3,747700E+3
1,739288E+2	3,714800E+3
1,746290E+2	3,741000E+3
1,753290E+2	3,723800E+3
1,760291E+2	3,751000E+3
1,767290E+2	3,720300E+3
1,774290E+2	3,747400E+3
1,781288E+2	3,711400E+3
1,788287E+2	3,750900E+3
1,795285E+2	3,714600E+3
1,802282E+2	3,755900E+3
1,809279E+2	3,710800E+3
1,816275E+2	3,752200E+3
1,823271E+2	3,719100E+3
1,830266E+2	3,746500E+3
1,837261E+2	3,717200E+3
1,844256E+2	3,743400E+3
1,851250E+2	3,718000E+3
1,858243E+2	3,744700E+3
1,865236E+2	3,715900E+3
1,872229E+2	3,749100E+3
1,879221E+2	3,717900E+3
1,886213E+2	3,745900E+3
1,893204E+2	3,718400E+3
1,900195E+2	3,744100E+3
1,907186E+2	3,715600E+3
1,914176E+2	3,747300E+3
1,921165E+2	3,710000E+3
1,928155E+2	3,747100E+3
1,935143E+2	3,717800E+3
1,942132E+2	3,749800E+3
1,949120E+2	3,714000E+3
1,956107E+2	3,744100E+3
1,963094E+2	3,714700E+3
1,970081E+2	3,751500E+3
1,977068E+2	3,714800E+3
1,984053E+2	3,748000E+3
1,991039E+2	3,709100E+3
1,998024E+2	3,750000E+3
2,005009E+2	3,720900E+3
2,011994E+2	3,747700E+3
2,018978E+2	3,719200E+3
2,025962E+2	3,741000E+3
2,032945E+2	3,718300E+3
2,039928E+2	3,748100E+3
2,046911E+2	3,713400E+3
2,053893E+2	3,749700E+3
2,060875E+2	3,715000E+3
2,067857E+2	3,748900E+3
2,074838E+2	3,707700E+3
2,081819E+2	3,748200E+3
2,088800E+2	3,715000E+3
2,095780E+2	3,755000E+3
2,102760E+2	3,711600E+3
2,109740E+2	3,745800E+3
2,116719E+2	3,720900E+3
2,123698E+2	3,742000E+3
2,130677E+2	3,716900E+3
2,137655E+2	3,744100E+3
2,144634E+2	3,711900E+3
2,151612E+2	3,747900E+3
2,158589E+2	3,713300E+3
2,165567E+2	3,745400E+3
2,172543E+2	3,713000E+3
2,179520E+2	3,744400E+3
2,186497E+2	3,708500E+3
2,193473E+2	3,744500E+3
2,200449E+2	3,707300E+3
2,207425E+2	3,742900E+3
2,214400E+2	3,710500E+3
2,221375E+2	3,746900E+3
2,228350E+2	3,708200E+3
2,235325E+2	3,743800E+3
2,242299E+2	3,705200E+3
2,249274E+2	3,740500E+3
2,256247E+2	3,712600E+3
2,263221E+2	3,746200E+3
2,270195E+2	3,716100E+3
2,277168E+2	3,748300E+3
2,284141E+2	3,708600E+3
2,291114E+2	3,748200E+3
2,298087E+2	3,715400E+3
2,305059E+2	3,740900E+3
2,312031E+2	3,715600E+3
2,319003E+2	3,744600E+3
2,325975E+2	3,721900E+3
2,332947E+2	3,747600E+3
2,339918E+2	3,712400E+3
2,346889E+2	3,748600E+3
2,353861E+2	3,716200E+3
2,360831E+2	3,744400E+3
2,367802E+2	3,713800E+3
2,374773E+2	3,743500E+3
2,381743E+2	3,710500E+3
2,388714E+2	3,748500E+3
2,395684E+2	3,708800E+3
2,402654E+2	3,751300E+3
2,409623E+2	3,712700E+3
2,416593E+2	3,745200E+3
2,423562E+2	3,714600E+3
2,430532E+2	3,748000E+3
2,437501E+2	3,707700E+3
2,444470E+2	3,744100E+3
2,451439E+2	3,711400E+3
2,458408E+2	3,745400E+3
2,465377E+2	3,718700E+3
2,472346E+2	3,749600E+3
2,479314E+2	3,721500E+3
2,486283E+2	3,746800E+3
2,493251E+2	3,715500E+3
2,500219E+2	3,749600E+3
2,507187E+2	3,717200E+3
2,514155E+2	3,748200E+3
2,521123E+2	3,720200E+3
2,528091E+2	3,743700E+3
2,535059E+2	3,715200E+3
2,542027E+2	3,740800E+3
2,548994E+2	3,716600E+3
2,555962E+2	3,746000E+3
2,562929E+2	3,714900E+3
2,569897E+2	3,749200E+3
2,576864E+2	3,715700E+3
2,583831E+2	3,740000E+3
2,590799E+2	3,716800E+3
2,597766E+2	3,743800E+3
2,604733E+2	3,714900E+3
2,611700E+2	3,743500E+3
2,618668E+2	3,714700E+3
2,625635E+2	3,743400E+3
2,632602E+2	3,712900E+3
2,639569E+2	3,746300E+3
2,646536E+2	3,717800E+3
2,653503E+2	3,750200E+3
2,660470E+2	3,712200E+3
2,667437E+2	3,744300E+3
2,674404E+2	3,713200E+3
2,681371E+2	3,747900E+3
2,688339E+2	3,715400E+3
2,695305E+2	3,744100E+3
2,702273E+2	3,705500E+3
2,709240E+2	3,749200E+3
2,716207E+2	3,713500E+3
2,723174E+2	3,741700E+3
2,730141E+2	3,713900E+3
2,737108E+2	3,740800E+3
2,744076E+2	3,708400E+3
2,751043E+2	3,741200E+3
2,758011E+2	3,714300E+3
2,764978E+2	3,742000E+3
2,771945E+2	3,709500E+3
2,778913E+2	3,740900E+3
2,785880E+2	3,709800E+3
2,792848E+2	3,742600E+3
2,799816E+2	3,706200E+3
2,806784E+2	3,736000E+3
2,813752E+2	3,711900E+3
2,820719E+2	3,740500E+3
2,827687E+2	3,711700E+3
2,834656E+2	3,743700E+3
2,841624E+2	3,710800E+3
2,848592E+2	3,740600E+3
2,855561E+2	3,709600E+3
2,862529E+2	3,747500E+3
2,869498E+2	3,713500E+3
2,876466E+2	3,739700E+3
2,883435E+2	3,710500E+3
2,890404E+2	3,741500E+3
2,897373E+2	3,707800E+3
2,904343E+2	3,743600E+3
2,911312E+2	3,708200E+3
2,918282E+2	3,748100E+3
2,925251E+2	3,708700E+3
2,932221E+2	3,748600E+3
2,939191E+2	3,710300E+3
2,946161E+2	3,750100E+3
2,953131E+2	3,712300E+3
2,960102E+2	3,742300E+3
2,967072E+2	3,707600E+3
2,974043E+2	3,742500E+3
2,981014E+2	3,707500E+3
2,987985E+2	3,746500E+3
2,994956E+2	3,710400E+3
3,001928E+2	3,739100E+3
3,008900E+2	3,712000E+3
3,015871E+2	3,743400E+3
3,022843E+2	3,711900E+3
3,029816E+2	3,747300E+3
3,036788E+2	3,708400E+3
3,043761E+2	3,743800E+3
3,050734E+2	3,712500E+3
3,057707E+2	3,743000E+3
3,064680E+2	3,710900E+3
3,071653E+2	3,744900E+3
3,078627E+2	3,714000E+3
3,085601E+2	3,744300E+3
3,092575E+2	3,711900E+3
3,099550E+2	3,744500E+3
3,106524E+2	3,715600E+3
3,113499E+2	3,737500E+3
3,120475E+2	3,711400E+3
3,127450E+2	3,740700E+3
3,134426E+2	3,715000E+3
3,141402E+2	3,750400E+3
3,148378E+2	3,706100E+3
3,155354E+2	3,741900E+3
3,162331E+2	3,715500E+3
3,169308E+2	3,742300E+3
3,176285E+2	3,713800E+3
3,183263E+2	3,747700E+3
3,190241E+2	3,707100E+3
3,197219E+2	3,743800E+3
3,204198E+2	3,706200E+3
3,211176E+2	3,746500E+3
3,218156E+2	3,704600E+3
3,225135E+2	3,739800E+3
3,232115E+2	3,709600E+3
3,239095E+2	3,741200E+3
3,246075E+2	3,708300E+3
3,253056E+2	3,741600E+3
3,260037E+2	3,705500E+3
3,267018E+2	3,745900E+3
3,274000E+2	3,705700E+3
3,280982E+2	3,742500E+3
3,287964E+2	3,701300E+3
3,294947E+2	3,741200E+3
3,301930E+2	3,703100E+3
3,308913E+2	3,744400E+3
3,315897E+2	3,707000E+3
3,322881E+2	3,740700E+3
3,329865E+2	3,707800E+3
3,336850E+2	3,742700E+3
3,343835E+2	3,704100E+3
3,350821E+2	3,739800E+3
3,357807E+2	3,707200E+3
3,364794E+2	3,739300E+3
3,371780E+2	3,706100E+3
3,378767E+2	3,739100E+3
3,385755E+2	3,703900E+3
3,392743E+2	3,742900E+3
3,399731E+2	3,701400E+3
3,406720E+2	3,742400E+3
3,413709E+2	3,704900E+3
3,420699E+2	3,742700E+3
3,427689E+2	3,709200E+3
3,434680E+2	3,741700E+3
3,441671E+2	3,711500E+3
3,448662E+2	3,741300E+3
3,455653E+2	3,709800E+3
3,462646E+2	3,739700E+3
3,469638E+2	3,711800E+3
3,476631E+2	3,746500E+3
3,483625E+2	3,710900E+3
3,490619E+2	3,749100E+3
3,497614E+2	3,710000E+3
3,504608E+2	3,743200E+3
3,511604E+2	3,714200E+3
3,518600E+2	3,748700E+3
3,525596E+2	3,714100E+3
3,532593E+2	3,750400E+3
3,539590E+2	3,717000E+3
3,546588E+2	3,745800E+3
3,553586E+2	3,723000E+3
3,560585E+2	3,758800E+3
3,567585E+2	3,731300E+3
3,574584E+2	3,765700E+3
3,581584E+2	3,730500E+3
3,588585E+2	3,771800E+3
3,595587E+2	3,748700E+3
3,602589E+2	3,782100E+3
3,609591E+2	3,754900E+3
3,616594E+2	3,801800E+3
3,623597E+2	3,769700E+3
3,630601E+2	3,810200E+3
3,637606E+2	3,788000E+3
3,644611E+2	3,828400E+3
3,651616E+2	3,800800E+3
3,658622E+2	3,845500E+3
3,665629E+2	3,813400E+3
3,672636E+2	3,857300E+3
3,679644E+2	3,834500E+3
3,686653E+2	3,872400E+3
3,693661E+2	3,853900E+3
3,700671E+2	3,882700E+3
3,707681E+2	3,867500E+3
3,714692E+2	3,903600E+3
3,721703E+2	3,869200E+3
3,728715E+2	3,907800E+3
3,735728E+2	3,874500E+3
3,742740E+2	3,917600E+3
3,749754E+2	3,887500E+3
3,756768E+2	3,921100E+3
3,763783E+2	3,881500E+3
3,770799E+2	3,917800E+3
3,777815E+2	3,896700E+3
3,784832E+2	3,935600E+3
3,791849E+2	3,903400E+3
3,798867E+2	3,947700E+3
3,805886E+2	3,930400E+3
3,812905E+2	3,980800E+3
3,819925E+2	3,955000E+3
3,826945E+2	4,008100E+3
3,833966E+2	3,992700E+3
3,840988E+2	4,047900E+3
3,848011E+2	4,036900E+3
3,855034E+2	4,091400E+3
3,862058E+2	4,087300E+3
3,869082E+2	4,144700E+3
3,876107E+2	4,141000E+3
3,883133E+2	4,208100E+3
3,890160E+2	4,209500E+3
3,897187E+2	4,273400E+3
3,904215E+2	4,270200E+3
3,911243E+2	4,336400E+3
3,918273E+2	4,334000E+3
3,925302E+2	4,399900E+3
3,932333E+2	4,406900E+3
3,939365E+2	4,468100E+3
3,946397E+2	4,470300E+3
3,953430E+2	4,547900E+3
3,960463E+2	4,550600E+3
3,967497E+2	4,621500E+3
3,974532E+2	4,626900E+3
3,981568E+2	4,696000E+3
3,988604E+2	4,703700E+3
3,995641E+2	4,775700E+3
4,002679E+2	4,788600E+3
4,009718E+2	4,863900E+3
4,016758E+2	4,872200E+3
4,023798E+2	4,946300E+3
4,030839E+2	4,956200E+3
4,037880E+2	5,029300E+3
4,044922E+2	5,040900E+3
4,051966E+2	5,115000E+3
4,059010E+2	5,131000E+3
4,066055E+2	5,204800E+3
4,073100E+2	5,228000E+3
4,080146E+2	5,299000E+3
4,087194E+2	5,315700E+3
4,094241E+2	5,396900E+3
4,101290E+2	5,409600E+3
4,108340E+2	5,497300E+3
4,115390E+2	5,519600E+3
4,122441E+2	5,599300E+3
4,129493E+2	5,628300E+3
4,136546E+2	5,710900E+3
4,143599E+2	5,739500E+3
4,150654E+2	5,828400E+3
4,157709E+2	5,849900E+3
4,164765E+2	5,948500E+3
4,171822E+2	5,974500E+3
4,178880E+2	6,060900E+3
4,185938E+2	6,096000E+3
4,192997E+2	6,194900E+3
4,200058E+2	6,225300E+3
4,207119E+2	6,321800E+3
4,214181E+2	6,352300E+3
4,221244E+2	6,447200E+3
4,228307E+2	6,476400E+3
4,235372E+2	6,583800E+3
4,242437E+2	6,622500E+3
4,249504E+2	6,716700E+3
4,256571E+2	6,743700E+3
4,263639E+2	6,848100E+3
4,270708E+2	6,880600E+3
4,277778E+2	6,975000E+3
4,284849E+2	6,994100E+3
4,291920E+2	7,058200E+3
4,298993E+2	7,016200E+3
4,306067E+2	6,935800E+3
4,313141E+2	6,694800E+3
4,320216E+2	6,497500E+3
4,327292E+2	6,386400E+3
4,334370E+2	6,528100E+3
4,341448E+2	6,666300E+3
4,348527E+2	6,978700E+3
4,355607E+2	7,335000E+3
4,362688E+2	7,642300E+3
4,369770E+2	7,764300E+3
4,376852E+2	7,793600E+3
4,383936E+2	7,761900E+3
4,391021E+2	7,748400E+3
4,398107E+2	7,707900E+3
4,405193E+2	7,758100E+3
4,412281E+2	7,738400E+3
4,419370E+2	7,791000E+3
4,426459E+2	7,771400E+3
4,433549E+2	7,825500E+3
4,440641E+2	7,818400E+3
4,447734E+2	7,887900E+3
4,454827E+2	7,892300E+3
4,461922E+2	7,972200E+3
4,469017E+2	7,980200E+3
4,476114E+2	8,050100E+3
4,483211E+2	8,045700E+3
4,490310E+2	8,094400E+3
4,497409E+2	8,067100E+3
4,504510E+2	8,102000E+3
4,511611E+2	8,067900E+3
4,518714E+2	8,128500E+3
4,525818E+2	8,133800E+3
4,532922E+2	8,215200E+3
4,540028E+2	8,220900E+3
4,547135E+2	8,282100E+3
4,554243E+2	8,273000E+3
4,561352E+2	8,323700E+3
4,568461E+2	8,291600E+3
4,575572E+2	8,313800E+3
4,582684E+2	8,295800E+3
4,589797E+2	8,355200E+3
4,596912E+2	8,322400E+3
4,604027E+2	8,358900E+3
4,611143E+2	8,312000E+3
4,618260E+2	8,313900E+3
4,625379E+2	8,248000E+3
4,632499E+2	8,253800E+3
4,639619E+2	8,195000E+3
4,646741E+2	8,210500E+3
4,653864E+2	8,159200E+3
4,660988E+2	8,154500E+3
4,668113E+2	8,078700E+3
4,675239E+2	8,073300E+3
4,682366E+2	7,983400E+3
4,689495E+2	7,968600E+3
4,696624E+2	7,889200E+3
4,703755E+2	7,877000E+3
4,710887E+2	7,800400E+3
4,718020E+2	7,774100E+3
4,725154E+2	7,687000E+3
4,732289E+2	7,660800E+3
4,739426E+2	7,554900E+3
4,746563E+2	7,526600E+3
4,753702E+2	7,440700E+3
4,760842E+2	7,410500E+3
4,767983E+2	7,329000E+3
4,775125E+2	7,303000E+3
4,782268E+2	7,221400E+3
4,789413E+2	7,196800E+3
4,796559E+2	7,101900E+3
4,803705E+2	7,075700E+3
4,810853E+2	6,974500E+3
4,818003E+2	6,939500E+3
4,825153E+2	6,848800E+3
4,832305E+2	6,819900E+3
4,839458E+2	6,729300E+3
4,846612E+2	6,695900E+3
4,853767E+2	6,585400E+3
4,860923E+2	6,561900E+3
4,868081E+2	6,475200E+3
4,875240E+2	6,452700E+3
4,882400E+2	6,351500E+3
4,889562E+2	6,330200E+3
4,896724E+2	6,240400E+3
4,903888E+2	6,225500E+3
4,911053E+2	6,150100E+3
4,918220E+2	6,155900E+3
4,925387E+2	6,088800E+3
4,932556E+2	6,090400E+3
4,939726E+2	6,015400E+3
4,946898E+2	6,017800E+3
4,954070E+2	5,940200E+3
4,961244E+2	5,930600E+3
4,968419E+2	5,854700E+3
4,975596E+2	5,845900E+3
4,982773E+2	5,774400E+3
4,989952E+2	5,762100E+3
4,997133E+2	5,686800E+3
5,004315E+2	5,690100E+3
5,011497E+2	5,611600E+3
5,018682E+2	5,609800E+3
5,025867E+2	5,541600E+3
5,033054E+2	5,530500E+3
5,040242E+2	5,450200E+3
5,047431E+2	5,442400E+3
5,054622E+2	5,351000E+3
5,061814E+2	5,333600E+3
5,069008E+2	5,257400E+3
5,076202E+2	5,235800E+3
5,083398E+2	5,161000E+3
5,090596E+2	5,156200E+3
5,097794E+2	5,090200E+3
5,104995E+2	5,090300E+3
5,112196E+2	5,017200E+3
5,119399E+2	5,020700E+3
5,126603E+2	4,960700E+3
5,133809E+2	4,954900E+3
5,141016E+2	4,886700E+3
5,148224E+2	4,892300E+3
5,155433E+2	4,826800E+3
5,162645E+2	4,828200E+3
5,169857E+2	4,767600E+3
5,177071E+2	4,779600E+3
5,184286E+2	4,724100E+3
5,191503E+2	4,725500E+3
5,198721E+2	4,661500E+3
5,205940E+2	4,674500E+3
5,213160E+2	4,614800E+3
5,220383E+2	4,629100E+3
5,227606E+2	4,574200E+3
5,234832E+2	4,581500E+3
5,242058E+2	4,523300E+3
5,249286E+2	4,545800E+3
5,256515E+2	4,486000E+3
5,263746E+2	4,504400E+3
5,270978E+2	4,462400E+3
5,278212E+2	4,474200E+3
5,285447E+2	4,431300E+3
5,292683E+2	4,461400E+3
5,299921E+2	4,416400E+3
5,307161E+2	4,450600E+3
5,314401E+2	4,406700E+3
5,321644E+2	4,438600E+3
5,328887E+2	4,405200E+3
5,336133E+2	4,441800E+3
5,343380E+2	4,410800E+3
5,350627E+2	4,446600E+3
5,357877E+2	4,422000E+3
5,365129E+2	4,464000E+3
5,372382E+2	4,438700E+3
5,379636E+2	4,490000E+3
5,386891E+2	4,470500E+3
5,394149E+2	4,529800E+3
5,401407E+2	4,521300E+3
5,408668E+2	4,577700E+3
5,415929E+2	4,573700E+3
5,423192E+2	4,639300E+3
5,430457E+2	4,630600E+3
5,437723E+2	4,705800E+3
5,444991E+2	4,706400E+3
5,452261E+2	4,780600E+3
5,459531E+2	4,783300E+3
5,466804E+2	4,863700E+3
5,474078E+2	4,866900E+3
5,481353E+2	4,956400E+3
5,488630E+2	4,969700E+3
5,495909E+2	5,059000E+3
5,503189E+2	5,075300E+3
5,510471E+2	5,168000E+3
5,517755E+2	5,182900E+3
5,525040E+2	5,274300E+3
5,532326E+2	5,292800E+3
5,539614E+2	5,372200E+3
5,546904E+2	5,372000E+3
5,554195E+2	5,434200E+3
5,561487E+2	5,420200E+3
5,568782E+2	5,474900E+3
5,576078E+2	5,459300E+3
5,583376E+2	5,501200E+3
5,590675E+2	5,478800E+3
5,597976E+2	5,513000E+3
5,605278E+2	5,461900E+3
5,612582E+2	5,483600E+3
5,619888E+2	5,419000E+3
5,627195E+2	5,419400E+3
5,634504E+2	5,351100E+3
5,641815E+2	5,349500E+3
5,649128E+2	5,255500E+3
5,656442E+2	5,241800E+3
5,663757E+2	5,151800E+3
5,671074E+2	5,134700E+3
5,678393E+2	5,036000E+3
5,685714E+2	5,013600E+3
5,693036E+2	4,923300E+3
5,700359E+2	4,892100E+3
5,707685E+2	4,802900E+3
5,715012E+2	4,771800E+3
5,722341E+2	4,672100E+3
5,729672E+2	4,636200E+3
5,737004E+2	4,536500E+3
5,744338E+2	4,509300E+3
5,751674E+2	4,416800E+3
5,759011E+2	4,404700E+3
5,766350E+2	4,313900E+3
5,773691E+2	4,310100E+3
5,781033E+2	4,241200E+3
5,788377E+2	4,237300E+3
5,795723E+2	4,157700E+3
5,803071E+2	4,154500E+3
5,810420E+2	4,081000E+3
5,817771E+2	4,082900E+3
5,825124E+2	4,018700E+3
5,832479E+2	4,026700E+3
5,839835E+2	3,966700E+3
5,847193E+2	3,974500E+3
5,854553E+2	3,925300E+3
5,861914E+2	3,936900E+3
5,869277E+2	3,891800E+3
5,876642E+2	3,914600E+3
5,884009E+2	3,867800E+3
5,891378E+2	3,899000E+3
5,898748E+2	3,849600E+3
5,906121E+2	3,875600E+3
5,913494E+2	3,838700E+3
5,920870E+2	3,872300E+3
5,928248E+2	3,834100E+3
5,935627E+2	3,867000E+3
5,943008E+2	3,835200E+3
5,950391E+2	3,861600E+3
5,957775E+2	3,830300E+3
5,965162E+2	3,859600E+3
5,972550E+2	3,833100E+3
5,979940E+2	3,862400E+3
5,987332E+2	3,825400E+3
5,994726E+2	3,860200E+3
6,002122E+2	3,829100E+3
6,009519E+2	3,860700E+3
6,016918E+2	3,840100E+3
6,024319E+2	3,867000E+3
6,031722E+2	3,835300E+3
6,039127E+2	3,869300E+3
6,046533E+2	3,841300E+3
6,053942E+2	3,868700E+3
6,061353E+2	3,835900E+3
6,068765E+2	3,874400E+3
6,076179E+2	3,839200E+3
6,083594E+2	3,871000E+3
6,091013E+2	3,839900E+3
6,098432E+2	3,877800E+3
6,105853E+2	3,840600E+3
6,113277E+2	3,877500E+3
6,120703E+2	3,841800E+3
6,128129E+2	3,875200E+3
6,135558E+2	3,841700E+3
6,142990E+2	3,879500E+3
6,150423E+2	3,842600E+3
6,157858E+2	3,872700E+3
6,165294E+2	3,838100E+3
6,172733E+2	3,877300E+3
6,180173E+2	3,841000E+3
6,187616E+2	3,872700E+3
6,195060E+2	3,833900E+3
6,202507E+2	3,871500E+3
6,209955E+2	3,828500E+3
6,217405E+2	3,867900E+3
6,224858E+2	3,824700E+3
6,232312E+2	3,866900E+3
6,239768E+2	3,823100E+3
6,247226E+2	3,858300E+3
6,254686E+2	3,818600E+3
6,262148E+2	3,852500E+3
6,269612E+2	3,814300E+3
6,277078E+2	3,848800E+3
6,284546E+2	3,814400E+3
6,292016E+2	3,844900E+3
6,299488E+2	3,806100E+3
6,306962E+2	3,844200E+3
6,314437E+2	3,807400E+3
6,321915E+2	3,836900E+3
6,329395E+2	3,796000E+3
6,336877E+2	3,836600E+3
6,344361E+2	3,790000E+3
6,351847E+2	3,830300E+3
6,359335E+2	3,791800E+3
6,366824E+2	3,820100E+3
6,374316E+2	3,786300E+3
6,381810E+2	3,822000E+3
6,389306E+2	3,785100E+3
6,396804E+2	3,815400E+3
6,404304E+2	3,782600E+3
6,411807E+2	3,812800E+3
6,419310E+2	3,775300E+3
6,426817E+2	3,812200E+3
6,434325E+2	3,774100E+3
6,441835E+2	3,813000E+3
6,449348E+2	3,774500E+3
6,456862E+2	3,806600E+3
6,464379E+2	3,773700E+3
6,471897E+2	3,808000E+3
6,479418E+2	3,771000E+3
6,486940E+2	3,813700E+3
6,494465E+2	3,772700E+3
6,501992E+2	3,813400E+3
6,509521E+2	3,778200E+3
6,517053E+2	3,814300E+3
6,524586E+2	3,779300E+3
6,532121E+2	3,815400E+3
6,539658E+2	3,780300E+3
6,547198E+2	3,820700E+3
6,554739E+2	3,784900E+3
6,562283E+2	3,824200E+3
6,569829E+2	3,780500E+3
6,577377E+2	3,826600E+3
6,584927E+2	3,795700E+3
6,592479E+2	3,833500E+3
6,600034E+2	3,800600E+3
6,607590E+2	3,827600E+3
6,615149E+2	3,804800E+3
6,622710E+2	3,848200E+3
6,630273E+2	3,822200E+3
6,637838E+2	3,867500E+3
6,645405E+2	3,827600E+3
6,652975E+2	3,868800E+3
6,660547E+2	3,839900E+3
6,668121E+2	3,888500E+3
6,675696E+2	3,859400E+3
6,683275E+2	3,902700E+3
6,690855E+2	3,873800E+3
6,698438E+2	3,923400E+3
6,706022E+2	3,902600E+3
6,713610E+2	3,946200E+3
6,721199E+2	3,923600E+3
6,728790E+2	3,977800E+3
6,736384E+2	3,960600E+3
6,743979E+2	4,019000E+3
6,751578E+2	3,996800E+3
6,759178E+2	4,051400E+3
6,766780E+2	4,038600E+3
6,774385E+2	4,104200E+3
6,781992E+2	4,100300E+3
6,789601E+2	4,165100E+3
6,797213E+2	4,166300E+3
6,804826E+2	4,238400E+3
6,812442E+2	4,241400E+3
6,820060E+2	4,320900E+3
6,827681E+2	4,325300E+3
6,835303E+2	4,405800E+3
6,842928E+2	4,418100E+3
6,850555E+2	4,510400E+3
6,858185E+2	4,526100E+3
6,865817E+2	4,624700E+3
6,873451E+2	4,648200E+3
6,881087E+2	4,757400E+3
6,888726E+2	4,787500E+3
6,896367E+2	4,891400E+3
6,904010E+2	4,932500E+3
6,911655E+2	5,045100E+3
6,919303E+2	5,088000E+3
6,926953E+2	5,197400E+3
6,934606E+2	5,243000E+3
6,942261E+2	5,363900E+3
6,949918E+2	5,398900E+3
6,957577E+2	5,525900E+3
6,965239E+2	5,571900E+3
6,972903E+2	5,693300E+3
6,980569E+2	5,733700E+3
6,988238E+2	5,860400E+3
6,995909E+2	5,888300E+3
7,003582E+2	5,995800E+3
7,011258E+2	6,014700E+3
7,018936E+2	6,105300E+3
7,026617E+2	6,115500E+3
7,034299E+2	6,205000E+3
7,041985E+2	6,212600E+3
7,049672E+2	6,278800E+3
7,057362E+2	6,277000E+3
7,065054E+2	6,343300E+3
7,072749E+2	6,318500E+3
7,080446E+2	6,375100E+3
7,088146E+2	6,360200E+3
7,095848E+2	6,411100E+3
7,103552E+2	6,385500E+3
7,111259E+2	6,432400E+3
7,118968E+2	6,387000E+3
7,126679E+2	6,417700E+3
7,134393E+2	6,376800E+3
7,142109E+2	6,401300E+3
7,149828E+2	6,349600E+3
7,157549E+2	6,363900E+3
7,165273E+2	6,315100E+3
7,172999E+2	6,331600E+3
7,180728E+2	6,271900E+3
7,188458E+2	6,282400E+3
7,196191E+2	6,221800E+3
7,203928E+2	6,220300E+3
7,211666E+2	6,167000E+3
7,219407E+2	6,165400E+3
7,227150E+2	6,100900E+3
7,234895E+2	6,099300E+3
7,242643E+2	6,025600E+3
7,250394E+2	6,024700E+3
7,258147E+2	5,946300E+3
7,265903E+2	5,944400E+3
7,273660E+2	5,875600E+3
7,281421E+2	5,877100E+3
7,289184E+2	5,798500E+3
7,296949E+2	5,802700E+3
7,304717E+2	5,728400E+3
7,312488E+2	5,732600E+3
7,320261E+2	5,650500E+3
7,328036E+2	5,657900E+3
7,335814E+2	5,577900E+3
7,343595E+2	5,588100E+3
7,351378E+2	5,513700E+3
7,359163E+2	5,516200E+3
7,366952E+2	5,447500E+3
7,374742E+2	5,446600E+3
7,382535E+2	5,380900E+3
7,390331E+2	5,386300E+3
7,398129E+2	5,312100E+3
7,405930E+2	5,319200E+3
7,413734E+2	5,248400E+3
7,421539E+2	5,258300E+3
7,429348E+2	5,186500E+3
7,437159E+2	5,191800E+3
7,444973E+2	5,135800E+3
7,452789E+2	5,142600E+3
7,460608E+2	5,074600E+3
7,468429E+2	5,086900E+3
7,476253E+2	5,019800E+3
7,484080E+2	5,029700E+3
7,491909E+2	4,966300E+3
7,499741E+2	4,979200E+3
7,507574E+2	4,918800E+3
7,515411E+2	4,932200E+3
7,523251E+2	4,875100E+3
7,531093E+2	4,888400E+3
7,538938E+2	4,836100E+3
7,546785E+2	4,850700E+3
7,554636E+2	4,783300E+3
7,562488E+2	4,799600E+3
7,570343E+2	4,745300E+3
7,578201E+2	4,757200E+3
7,586062E+2	4,710100E+3
7,593925E+2	4,717200E+3
7,601791E+2	4,659400E+3
7,609659E+2	4,672900E+3
7,617531E+2	4,619200E+3
7,625404E+2	4,637200E+3
7,633281E+2	4,587500E+3
7,641160E+2	4,601400E+3
7,649042E+2	4,548700E+3
7,656926E+2	4,566800E+3
7,664813E+2	4,513900E+3
7,672703E+2	4,532500E+3
7,680596E+2	4,480400E+3
7,688491E+2	4,501900E+3
7,696389E+2	4,448400E+3
7,704289E+2	4,472500E+3
7,712192E+2	4,425700E+3
7,720098E+2	4,447400E+3
7,728007E+2	4,388700E+3
7,735919E+2	4,405800E+3
7,743833E+2	4,358700E+3
7,751750E+2	4,379800E+3
7,759669E+2	4,323500E+3
7,767592E+2	4,350800E+3
7,775517E+2	4,299500E+3
7,783444E+2	4,332400E+3
7,791375E+2	4,279000E+3
7,799308E+2	4,305500E+3
7,807244E+2	4,258000E+3
7,815183E+2	4,281000E+3
7,823124E+2	4,244100E+3
7,831069E+2	4,268800E+3
7,839016E+2	4,218500E+3
7,846966E+2	4,243000E+3
7,854918E+2	4,204400E+3
7,862874E+2	4,235000E+3
7,870832E+2	4,183600E+3
7,878793E+2	4,212500E+3
7,886757E+2	4,170300E+3
7,894724E+2	4,198500E+3
7,902692E+2	4,159300E+3
7,910665E+2	4,183700E+3
7,918640E+2	4,141900E+3
7,926617E+2	4,169400E+3
7,934598E+2	4,127800E+3
7,942581E+2	4,158100E+3
7,950568E+2	4,109000E+3
7,958557E+2	4,147700E+3
7,966548E+2	4,100200E+3
7,974543E+2	4,123200E+3
7,982540E+2	4,088500E+3
7,990541E+2	4,112800E+3
7,998544E+2	4,075600E+3
8,006550E+2	4,106800E+3
8,014559E+2	4,063600E+3
8,022570E+2	4,098000E+3
8,030585E+2	4,054300E+3
8,038602E+2	4,087300E+3
8,046623E+2	4,034400E+3
8,054646E+2	4,068800E+3
8,062672E+2	4,027300E+3
8,070701E+2	4,062500E+3
8,078733E+2	4,020100E+3
8,086768E+2	4,057500E+3
8,094805E+2	4,014700E+3
8,102845E+2	4,052800E+3
8,110889E+2	4,010000E+3
8,118936E+2	4,042200E+3
8,126984E+2	4,007800E+3
8,135037E+2	4,044100E+3
8,143091E+2	3,999100E+3
8,151149E+2	4,033300E+3
8,159210E+2	3,998000E+3
8,167274E+2	4,024000E+3
8,175341E+2	3,988000E+3
8,183411E+2	4,017600E+3
8,191483E+2	3,976100E+3
8,199559E+2	4,011200E+3
8,207637E+2	3,967000E+3
8,215718E+2	4,009800E+3
8,223802E+2	3,962100E+3
8,231890E+2	3,996500E+3
8,239980E+2	3,960200E+3
8,248074E+2	3,994400E+3
8,256169E+2	3,959500E+3
8,264269E+2	3,992200E+3
8,272371E+2	3,948000E+3
8,280476E+2	3,985100E+3
8,288584E+2	3,942000E+3
8,296696E+2	3,980100E+3
8,304810E+2	3,941300E+3
8,312927E+2	3,977000E+3
8,321047E+2	3,945400E+3
8,329170E+2	3,971700E+3
8,337296E+2	3,933600E+3
8,345425E+2	3,964500E+3
8,353557E+2	3,933800E+3
8,361692E+2	3,970000E+3
8,369830E+2	3,929700E+3
8,377971E+2	3,969400E+3
8,386116E+2	3,932800E+3
8,394263E+2	3,971700E+3
8,402413E+2	3,926400E+3
8,410566E+2	3,969600E+3
8,418723E+2	3,921700E+3
8,426882E+2	3,965300E+3
8,435045E+2	3,923200E+3
8,443210E+2	3,965800E+3
8,451379E+2	3,927900E+3
8,459551E+2	3,963000E+3
8,467725E+2	3,927500E+3
8,475903E+2	3,961400E+3
8,484084E+2	3,929800E+3
8,492268E+2	3,964100E+3
8,500455E+2	3,932600E+3
8,508645E+2	3,960600E+3
8,516838E+2	3,931500E+3
8,525035E+2	3,965300E+3
8,533234E+2	3,920200E+3
8,541437E+2	3,960500E+3
8,549642E+2	3,924900E+3
8,557851E+2	3,956500E+3
8,566063E+2	3,930500E+3
8,574278E+2	3,963900E+3
8,582496E+2	3,929000E+3
8,590717E+2	3,967900E+3
8,598942E+2	3,932200E+3
8,607169E+2	3,968700E+3
8,615400E+2	3,928700E+3
8,623633E+2	3,965600E+3
8,631870E+2	3,936900E+3
8,640110E+2	3,966400E+3
8,648353E+2	3,938200E+3
8,656600E+2	3,971400E+3
8,664849E+2	3,929400E+3
8,673102E+2	3,971500E+3
8,681358E+2	3,930100E+3
8,689617E+2	3,970100E+3
8,697880E+2	3,928200E+3
8,706145E+2	3,957200E+3
8,714413E+2	3,920900E+3
8,722686E+2	3,953800E+3
8,730960E+2	3,924800E+3
8,739238E+2	3,952200E+3
8,747520E+2	3,918300E+3
8,755804E+2	3,957100E+3
8,764092E+2	3,923500E+3
8,772383E+2	3,952100E+3
8,780677E+2	3,920800E+3
8,788975E+2	3,970200E+3
8,797275E+2	3,935700E+3
8,805580E+2	3,967500E+3
8,813887E+2	3,937600E+3
8,822197E+2	3,970900E+3
8,830511E+2	3,939100E+3
8,838828E+2	3,971900E+3
8,847148E+2	3,925100E+3
8,855471E+2	3,908100E+3
